

current_auto = [0.01	0.15	0.75	1.54	4.22	6.03	3.21	11.45	14.53	11.93	6.11	14.23	21.39	25.77	18.03	12.03	22.98	35.91	41.22	35.78
];
voltage_auto =[10.5	20.5	32	38.5	41.5	45	49	53	56	58	60.5	63	65	67.5	70.5	72	75	77.5	80	82
];